16807
00315
13068
89856
00204
04250
55890
83259
19635
33930
39767
01947
24648
51128
52955
82592
02369
83781
47294
19180
33405
41124
03507
43250
26643
47784
04220
40828
66155
79391
15229
45267
40350
74244
37147
52102
64542
33401
06749
82243
91532
91438
29749
96236
61791
57845
92217
77392
59556
22710
34818
22175
33326
38883
50389
12790
32098
68156
74213
93443
19330
72905
31733
13655
83225
17165
70660
03719
69354
24774
78931
89743
30445
70631
65979
07529
56077
60949
23462
12713
40263
15107
62332
62668
16691
72308
72476
73228
41278
21799
21893
54914
84543
59146
88258
44699
46861
73589
76421
97771
