33401
82243
12713
55890
57845
03507
29749
64542
61791
52955
21799
47294
26643
33405
34818
15229
78931
01947
43250
62668
24774
73228
70631
59556
04220
44699
62332
46861
92217
30445
31733
83225
60949
38883
96236
04250
50389
59146
03719
23462
70660
16691
00204
45267
24648
41124
19330
19635
73589
69354
32098
89743
72905
97771
13068
19180
52102
22710
65979
82592
41278
83781
68156
51128
07529
21893
56077
79391
16807
37147
40263
06749
33930
54914
77392
91438
40828
74244
13655
12790
22175
93443
76421
66155
00315
88258
83259
39767
40350
91532
47784
72308
89856
17165
02369
15107
84543
72476
33326
74213
