322560
015048
138985
019635
684684
774900
332592
002044
027306
936150
166155
089352
066729
581581
211896
017176
905784
411480
228872
856250
106597
326742
112201
868829
709240
473385
719682
861849
726313
595133
921893
488838
165483
882167
662156
776208
648411
619605
570015
468146
216495
761027
532196
558175
259173
096930
432760
234493
056696
317424
897384
774732
639314
593487
303775
563343
159556
091532
456237
031463
833600
384967
640971
300725
491870
381790
696375
650856
152492
391515
643993
429650
364903
474026
130599
713558
175934
538731
157456
060787
735896
584508
307732
231626
102227
778343
412788
339305
297496
469962
283345
939116
299770
471716
015135
575298
207956
632418
491106
918052
718632
101947
424604
730445
982592
115296
181505
491477
317338
650236
384082
348877
808767
132294
914603
863630
845619
183419
658876
795136
003158
719234
905499
527139
069703
454261
790603
287063
365726
437642
480322
191423
504513
136551
637398
990203
183036
830107
241933
378168
709232
580072
604250
224312
839623
177342
981728
392914
470415
171854
176842
627066
829793
503507
187282
818152
109856
042204
019105
597771
674293
766349
268818
834972
692320
915107
503895
193240
280752
159458
539963
437290
286515
828702
858181
985828
040398
408151
518548
259703
502609
514872
014354
757453
144260
432506
745486
809027
970661
880829
703161
367729
158768
771476
061062
010453
671522
945214
503057
377824
391479
047636
526724
266618
223038
244891
474372
081222
678788
824650
016691
657134
362387
100585
949388
485751
881182
048242
845437
874244
266824
309032
193915
704934
387603
302407
836323
881420
418941
384632
966260
788752
852227
856171
158871
385007
649970
813084
481537
211137
655173
230889
397465
560777
332468
583499
515082
266433
098897
805592
323079
647034
661938
775747
447068
935432
117973
604115
130681
674035
279022
431061
156511
643924
485349
334018
340534
172829
619221
413834
697143
721023
247633
259397
791529
532834
297893
903237
306749
940413
316633
325747
739502
788978
817426
439007
919826
947294
477847
962938
510589
517079
519907
552179
735739
807371
820133
825883
867617
902333
