51494976
74260314
14025125
11260539
52672464
01435481
99692320
20795632
12404360
63125118
90079817
97066151
53645634
49295142
65713417
61502448
57595727
59523387
91642842
14384082
96855590
10611005
10659798
01766349
42488691
05507220
04824215
94041333
76393908
80551133
03401787
90323730
97502890
20782695
16604170
20250465
33189183
91441675
31071699
33019635
18303638
02388660
24851286
57690023
85015048
31527459
12450040
88359392
92156502
16633939
06819180
39079845
58986783
43723778
15061939
50778120
03286515
17673999
12375974
98463409
36063036
73714740
76790603
23013149
15231626
21297466
71569114
10891463
13761027
98267186
70792164
73383225
97575355
43935480
52533095
84413834
97186530
41653837
11667273
44937263
81464733
37966260
77574793
05599594
27765278
46339018
38228872
71834972
39767154
47145253
09693046
50873579
25917358
51058959
94587574
45159366
75518548
53283479
42505038
36004888
34165483
48535705
73582079
89233776
47161525
14791098
09361612
50350729
53073761
04775806
51366470
65512790
24921122
41043889
23875332
68021591
26056696
34222403
49673024
22946619
22576832
92179451
94140203
19455455
50089048
95788752
16346269
85625041
53153285
63728498
90308352
29662156
18497339
17816110
34354039
02788690
93911680
24734785
65517358
45728069
50579487
06566644
51333987
17259703
31530505
51329605
46666492
88293677
37141674
81815229
60949388
57826833
57001564
84281238
24788978
00061062
31742415
06971588
86280606
57166377
33401822
88381663
33019355
84112419
39685162
34396071
63907083
92325030
08083261
42289595
61550031
30190271
40811988
37464290
97434201
42823412
67379362
38760373
48374544
33852227
62587319
58007214
00394268
31174266
67211896
14200104
03988618
08122291
59872889
46983238
06214855
39933657
04293668
72102343
16061722
22060787
52261502
70506910
57515271
57693419
73044531
96463691
68477699
52470476
63117490
64959072
65334092
29746012
13115296
34976877
35721705
64467707
04480713
23649970
48195305
77199609
24474451
29632390
27606508
03637398
15377049
56584508
26342013
02616401
38179001
43127135
69104461
95047696
01833255
07844823
40922454
93171854
13287530
28619605
37371199
92330292
71436041
00751312
75517192
59777113
51334803
26682477
78931019
10500026
32477847
05309277
11467922
72942664
51952850
27300725
25924127
56194238
15745626
04410567
78048516
68428808
50078130
95024717
54320988
01118415
99886035
06357036
84543724
43764216
31552472
40350915
61791529
48652321
47797941
33069703
01094977
26789353
14233649
52144704
53873148
12001625
23088985
67152288
48345791
30325779
18728251
62399611
09197614
13216709
15811939
54898080
80179570
33436393
34248943
07529218
15022513
46507749
69864491
39830107
73589693
81006434
70316138
35208789
96293843
97709054
94072795
25939767
16514872
05003206
67296588
58451700
32424604
10634821
28827820
73172050
12495551
74966150
47322870
48187137
53996394
34998821
98803188
80741822
42863630
22303843
26845042
67429338
07684684
14665407
18626340
87566113
82870229
22175934
50260948
36915107
18969648
57151728
36852853
57201464
38491106
60750011
61334390
43078590
15157357
93560777
93526963
01045354
58825883
70924039
52102227
68619221
41972591
34408151
53641457
57456237
80876770
89431819
17149834
11613023
59461977
55217994
92228890
51928917
10555258
36238704
50881182
28047636
31539880
91055045
46328201
03533564
54538087
63159556
91348877
15158768
35331948
63130599
13135603
41977399
58905784
13404948
79119110
71968239
85316633
53219655
15519907
42138985
51354114
33930549
07023215
45087584
68812368
70050513
72958120
60715149
70662406
76333267
95548850
28828815
15651128
49309032
62088090
83962360
04220446
42828260
47432506
53017176
49187006
90312876
71923462
66912168
51450857
28334511
96025110
19324086
91002044
06985586
26306749
98761442
95262575
28292621
54524821
37752111
25929858
65307345
49363831
39151384
14773929
78945808
95914603
15468051
78224385
53325747
91318935
80593487
84561919
06566299
79731588
48534913
14027306
35297435
64392417
30466012
64918856
67878856
45249805
18676622
97437290
97937870
29858181
30799023
42465308
74666893
88378168
89414296
89738408
69043602
12681127
38134659
65181505
54868676
13739741
61537204
30773282
33340534
50443473
50821773
18341923
55995411
37716526
38963614
78000236
39266618
98959015
99080405
42609902
22445909
48834134
99623324
50267738
80559201
28298363
57216694
57529874
87424413
88188297
61716502
67910134
70660166
74964542
38985841
81753974
44706877
45717109
92488094
51708029
56778343
57490463
61480379
63241847
64097183
65012197
68885119
77147669
95255371
