33401822
43127135
58905784
50350729
74964542
61791529
55217994
72942664
33340534
81815229
78931019
47432506
26682477
47322870
63159556
04220446
99623324
68619221
73044531
73383225
60949388
83962360
42505038
95914603
71923462
70660166
91002044
52672464
84112419
33019635
73589693
54320988
97437290
59777113
06819180
52102227
10659798
25924127
88378168
15651128
07529218
93560777
93911680
73714740
26306749
33930549
14773929
14384082
87424413
65512790
22175934
43764216
61550031
58825883
25939767
40350915
32477847
23088985
61716502
36915107
84543724
76333267
42138985
31742415
94587574
53017176
09693046
81464733
85015048
28334511
79731588
71834972
67429338
50078130
84413834
08122291
98267186
32424604
96293843
90079817
28619605
22303843
10611005
85316633
04824215
24921122
01766349
36238704
03988618
49309032
77147669
71436041
15158768
44706877
62088090
27300725
94041333
25929858
28047636
80559201
51354114
80593487
80876770
92325030
57456237
49187006
67296588
76790603
18303638
49673024
07684684
18728251
70792164
95788752
70924039
15157357
39266618
53283479
51366470
34408151
82870229
97709054
99692320
30773282
46507749
00061062
20795632
30799023
33852227
57529874
54868676
17259703
15745626
88188297
93171854
65517358
15811939
15231626
48534913
22946619
38491106
64097183
36004888
38228872
84561919
14233649
03637398
57001564
39933657
26056696
77574793
61502448
91348877
72102343
27606508
56778343
53996394
52144704
15519907
25917358
34998821
67211896
97066151
50821773
42863630
65713417
68428808
29662156
01435481
74260314
63130599
53873148
15377049
34165483
18341923
44937263
13761027
51058959
51334803
22060787
90323730
37752111
37966260
71968239
14791098
56584508
38179001
91055045
13115296
38760373
95024717
16514872
50260948
57515271
39830107
67152288
14200104
53325747
19324086
88293677
29858181
64392417
28298363
23649970
53219655
81753974
65181505
85625041
89414296
50881182
58007214
42609902
03286515
67878856
33436393
14027306
63241847
43723778
24788978
70316138
46328201
33069703
89738408
93526963
75518548
05309277
02616401
68812368
92330292
11260539
05003206
20782695
77199609
45249805
89233776
53073761
05599594
40922454
48374544
29746012
16633939
73582079
62587319
50873579
29632390
94140203
37464290
68021591
06357036
47145253
52470476
70506910
53153285
67910134
88359392
26342013
51952850
53641457
07844823
38963614
60715149
95255371
30466012
37371199
03533564
51333987
39151384
08083261
21297466
95262575
54538087
41653837
48652321
76393908
12450040
56194238
26789353
39685162
78224385
51329605
41043889
06566644
48187137
11667273
02788690
45159366
18626340
97575355
36063036
57693419
07023215
13287530
17673999
34248943
09361612
70050513
65334092
04480713
12375974
98959015
48195305
94072795
57690023
31527459
37141674
57216694
97937870
62399611
17149834
63907083
54898080
05507220
34976877
58986783
64918856
97186530
79119110
23013149
38134659
06971588
30325779
09197614
18497339
40811988
69104461
36852853
18676622
50443473
75517192
22576832
31530505
04775806
42289595
02388660
42465308
91642842
49363831
22445909
61480379
80741822
34396071
50089048
74666893
89431819
95548850
59461977
16604170
50267738
35208789
30190271
57595727
43935480
13739741
53645634
96855590
63728498
87566113
10891463
61537204
91318935
31552472
57201464
34222403
71569114
46983238
35331948
98803188
13135603
92156502
81006434
16061722
54524821
92488094
41977399
50778120
58451700
28292621
95047696
68477699
99886035
64467707
18969648
01045354
90308352
39079845
42823412
11467922
78048516
14665407
99080405
04410567
65307345
43078590
67379362
57826833
45717109
52261502
50579487
51928917
19455455
80179570
48535705
34354039
11613023
15468051
90312876
16346269
80551133
63117490
42488691
10500026
39767154
51494976
46666492
00394268
45728069
78945808
10555258
28827820
31174266
06214855
33019355
12495551
24851286
01833255
06566299
98761442
15022513
38985841
03401787
60750011
97502890
59872889
01118415
48834134
23875332
00751312
24474451
74966150
31539880
98463409
42828260
66912168
12404360
84281238
28828815
92228890
59523387
72958120
46339018
04293668
63125118
24734785
35721705
41972591
86280606
13216709
10634821
27765278
20250465
91441675
49295142
64959072
65012197
69043602
06985586
33189183
01094977
48345791
37716526
73172050
31071699
55995411
45087584
12001625
51708029
97434201
88381663
12681127
52533095
17816110
96463691
61334390
68885119
92179451
57166377
14025125
57151728
57490463
47161525
26845042
70662406
15061939
78000236
35297435
47797941
96025110
69864491
51450857
13404948
