334018
224312
713558
905784
503507
297496
454261
791529
552179
947294
266433
340534
818152
297893
101947
432506
266824
774732
287063
159556
042204
469962
332468
619221
730445
317338
322560
949388
839623
604250
503895
914603
719234
627066
016691
002044
526724
648411
241933
019635
735896
935432
098897
437290
597771
130681
918052
102227
106597
982592
412788
378168
156511
280752
921893
560777
939116
807371
474026
306749
339305
491477
392914
384082
874244
136551
279022
175934
437642
166155
003158
825883
259397
674035
091532
477847
230889
856171
650236
915107
845437
247633
326742
138985
317424
159458
757453
017176
096930
468146
473385
015048
283345
117973
158871
834972
674293
385007
813084
413834
081222
919826
718632
424604
962938
439007
981728
619605
223038
431061
100585
316633
048242
152492
112201
766349
362387
040398
861849
309032
771476
697143
604115
158768
447068
776208
809027
300725
940413
332592
985828
047636
805592
015135
411480
593487
808767
709232
503057
456237
491870
066729
658876
790603
183036
384967
302407
684684
187282
517079
216495
788752
709240
391515
735739
266618
532834
795136
647034
408151
828702
299770
905499
692320
307732
824650
774900
061062
207956
323079
902333
852227
575298
745486
867617
259703
157456
268818
829793
171854
655173
581581
193915
231626
485349
132294
661938
491106
640971
833600
488838
228872
845619
191423
364903
637398
570015
643993
365726
056696
775747
936150
244891
348877
721023
432760
650856
778343
539963
945214
470415
519907
259173
583499
882167
211896
970661
515082
177342
863630
657134
176842
880829
662156
014354
817426
031463
130599
538731
481537
704934
165483
183419
234493
726313
761027
510589
595133
480322
060787
903237
303775
211137
966260
719682
391479
109856
584508
381790
019105
504513
115296
387603
739502
471716
514872
502609
485751
527139
830107
671522
881420
010453
325747
193240
868829
367729
858181
643924
172829
836323
649970
532196
558175
397465
181505
856250
418941
429650
881182
580072
144260
990203
286515
678788
563343
639314
027306
632418
474372
377824
788978
703161
384632
820133
069703
897384
089352
696375
518548
